Fragment	F.Area	Sample.Label	Effort	sightdist	sightangle	Size	Region.Label	Area 			
Karakandatra	2799100	KK1.14	5500	0	0	0	2014	0			
Karakandatra	2799100	KK11.14	5500	0	0	0	2014	0			
Karakandatra	2799100	KK2.14	5500	0	0	0	2014	0			
Karakandatra	2799100	KK3.14	5500	0	0	0	2014	0			
Karakandatra	2799100	KK4.14	4500	0	0	0	2014	0			
Karakandatra	2799100	KK5.14	4500	0	0	0	2014	0			
Karakandatra	2799100	KK6.14	4000	0	0	0	2014	0			
Karakandatra	2799100	KK7.14	4500	0	0	0	2014	0			
Karakandatra	2799100	KK8.14	5500	0	0	0	2014	0			
Karakandatra	2799100	KK9.14	4000	0	0	0	2014	0			
Sangasanga	987400	SS2.14	6000	3	58	3	2014	0			
Sangasanga	987400	SS3.14	6000	0	0	0	2014	0			
Sangasanga	987400	SS4.14	6000	0	0	0	2014	0			
Tsitola	10971000	TT1.14	5000	16	50	4	2014	0			
Tsitola	10971000	TT11.14	5000	0	0	0	2014	0			
Tsitola	10971000	TT12.14	5000	0	0	0	2014	0			
Tsitola	10971000	TT13.14	5000	0	0	0	2014	0			
Tsitola	10971000	TT2.14	5000	11	6	4	2014	0			
Tsitola	10971000	TT4.14	4500	0	0	0	2014	0			
Tsitola	10971000	TT5.14	5500	0	0	0	2014	0			
Tsitola	10971000	TT6.14	4500	0	0	0	2014	0			
Tsitola	10971000	TT7.14	4000	0	0	0	2014	0			
Tsitola	10971000	TT8.14	4000	0	0	0	2014	0			
Tsitola	10971000	TT9.14	4000	5	38	2	2014	0			
Tsitola	10971000	TT9.14	4000	16	76	2	2014	0			
Tsitola	10971000	TT9.14	4000	10	30	5	2014	0			
Tsiazombazaha	813700	TZ1.14	5500	0	0	0	2014	0			
Tsiazombazaha	813700	TZ2.14	5000	0	0	0	2014	0			
Tsiazombazaha	813700	TZ3.14	5500	0	0	0	2014	0			
Vatovavy	3533900	VV1.14	6000	0	0	0	2014	0			
Vatovavy	3533900	VV10.14	5000	0	0	0	2014	0			
Vatovavy	3533900	VV14.14	5000	0	0	0	2014	0			
Vatovavy	3533900	VV15.14	5000	0	0	0	2014	0			
Vatovavy	3533900	VV2.14	6000	0	0	0	2014	0			
Vatovavy	3533900	VV5.14	6000	0	0	0	2014	0			
Vatovavy	3533900	VV7.14	5500	6	70	1	2014	0			
Vatovavy	3533900	VV8.14	5500	40	70	3	2014	0			
Vatovavy	3533900	VV8.14	5500	7	52	3	2014	0			
Vatovavy	3533900	VV8.14	5500	30	58	4	2014	0			
Vatovavy	3533900	VV8.14	5500	20	53	4	2014	0			
Karakandatra	2799100	KK1.15	6000	0	0	0	2015	0			
Karakandatra	2799100	KK11.15	7000	0	0	0	2015	0			
Karakandatra	2799100	KK2.15	6000	0	0	0	2015	0			
Karakandatra	2799100	KK3.15	7000	0	0	0	2015	0			
Karakandatra	2799100	KK4.15	6000	0	0	0	2015	0			
Karakandatra	2799100	KK5.15	6000	0	0	0	2015	0			
Karakandatra	2799100	KK6.15	6000	0	0	0	2015	0			
Karakandatra	2799100	KK7.15	6000	0	0	0	2015	0			
Karakandatra	2799100	KK8.15	7500	0	0	0	2015	0			
Karakandatra	2799100	KK9.15	5500	0	0	0	2015	0			
Sangasanga	987400	SS2.15	8500	0	0	0	2015	0			
Sangasanga	987400	SS3.15	8500	0	0	0	2015	0			
Sangasanga	987400	SS4.15	8500	0	0	0	2015	0			
Tsitola	10971000	TT1.15	8500	7	30	3	2015	0			
Tsitola	10971000	TT11.15	7500	6	72	4	2015	0			
Tsitola	10971000	TT11.15	7500	5	78	4	2015	0			
Tsitola	10971000	TT12.15	7000	0	0	0	2015	0			
Tsitola	10971000	TT13.15	7000	0	0	0	2015	0			
Tsitola	10971000	TT2.15	9000	0	0	0	2015	0			
Tsitola	10971000	TT4.15	7000	3	19	3	2015	0			
Tsitola	10971000	TT5.15	8500	14	58	4	2015	0			
Tsitola	10971000	TT6.15	7000	0	0	0	2015	0			
Tsitola	10971000	TT7.15	8000	0	0	0	2015	0			
Tsitola	10971000	TT8.15	7000	0	0	0	2015	0			
Tsitola	10971000	TT9.15	7000	0	0	0	2015	0			
Tsiazombazaha	813700	TZ1.15	6500	0	0	0	2015	0			
Tsiazombazaha	813700	TZ2.15	6500	0	0	0	2015	0			
Tsiazombazaha	813700	TZ3.15	6500	0	0	0	2015	0			
Vatovavy	3533900	VV1.15	12000	10	70	2	2015	0			
Vatovavy	3533900	VV10.15	11000	0	0	0	2015	0			
Vatovavy	3533900	VV14.15	11000	0	0	0	2015	0			
Vatovavy	3533900	VV15.15	11000	0	0	0	2015	0			
Vatovavy	3533900	VV2.15	12000	0	0	0	2015	0			
Vatovavy	3533900	VV5.15	11500	0	0	0	2015	0			
Vatovavy	3533900	VV7.15	14000	0	0	0	2015	0			
Vatovavy	3533900	VV8.15	14000	3	82	2	2015	0			
Vatovavy	3533900	VV8.15	14000	5	60	3	2015	0			
Vatovavy	3533900	VV8.15	14000	15	70	3	2015	0			
Vatovavy	3533900	VV8.15	14000	20	30	3	2015	0			
Vatovavy	3533900	VV8.15	14000	12	50	3	2015	0			
Vatovavy	3533900	VV8.15	14000	7	20	4	2015	0			
Vatovavy	3533900	VV8.15	14000	7	60	3	2015	0			
Karakandatra	2799100	KK1.16	4500	0	0	0	2016	0			
Karakandatra	2799100	KK11.16	5500	0	0	0	2016	0			
Karakandatra	2799100	KK2.16	5500	0	0	0	2016	0			
Karakandatra	2799100	KK3.16	6000	0	0	0	2016	0			
Karakandatra	2799100	KK4.16	7000	0	0	0	2016	0			
Karakandatra	2799100	KK5.16	5500	0	0	0	2016	0			
Karakandatra	2799100	KK6.16	5000	0	0	0	2016	0			
Karakandatra	2799100	KK7.16	2500	0	0	0	2016	0			
Karakandatra	2799100	KK8.16	5000	0	0	0	2016	0			
Karakandatra	2799100	KK9.16	2500	0	0	0	2016	0			
Sangasanga	987400	SS2.16	5500	0	0	0	2016	0			
Sangasanga	987400	SS3.16	5500	0	0	0	2016	0			
Sangasanga	987400	SS4.16	5500	0	0	0	2016	0			
Tsitola	10971000	TT1.16	5000	0	0	0	2016	0			
Tsitola	10971000	TT11.16	5500	2	70	2	2016	0			
Tsitola	10971000	TT12.16	5500	0	0	0	2016	0			
Tsitola	10971000	TT13.16	5000	0	0	0	2016	0			
Tsitola	10971000	TT2.16	5000	10	58	4	2016	0			
Tsitola	10971000	TT4.16	4000	0	0	0	2016	0			
Tsitola	10971000	TT5.16	7000	0	0	0	2016	0			
Tsitola	10971000	TT6.16	4500	0	0	0	2016	0			
Tsitola	10971000	TT7.16	7000	11	72	3	2016	0			
Tsitola	10971000	TT7.16	7000	13	70	3	2016	0			
Tsitola	10971000	TT7.16	7000	13	50	4	2016	0			
Tsitola	10971000	TT7.16	7000	12	70	2	2016	0			
Tsitola	10971000	TT8.16	2500	0	0	0	2016	0			
Tsitola	10971000	TT9.16	4500	5	38	1	2016	0			
Tsitola	10971000	TT9.16	4500	3	24	1	2016	0			
Tsiazombazaha	813700	TZ1.16	3000	0	0	0	2016	0			
Tsiazombazaha	813700	TZ2.16	5000	0	0	0	2016	0			
Tsiazombazaha	813700	TZ3.16	5000	0	0	0	2016	0			
Vatovavy	3533900	VV1.16	16000	10	70	3	2016	0			
Vatovavy	3533900	VV1.16	16000	5	60	3	2016	0			
Vatovavy	3533900	VV10.16	17000	0	0	0	2016	0			
Vatovavy	3533900	VV14.16	16000	0	0	0	2016	0			
Vatovavy	3533900	VV15.16	16500	0	0	0	2016	0			
Vatovavy	3533900	VV2.16	16500	0	0	0	2016	0			
Vatovavy	3533900	VV5.16	16500	7	41	4	2016	0			
Vatovavy	3533900	VV5.16	16500	15	80	2	2016	0			
Vatovavy	3533900	VV7.16	17000	0	0	0	2016	0			
Vatovavy	3533900	VV8.16	16500	10	41	4	2016	0			
Vatovavy	3533900	VV8.16	16500	13	80	4	2016	0			
Vatovavy	3533900	VV8.16	16500	3	58	4	2016	0			
Vatovavy	3533900	VV8.16	16500	7	30	4	2016	0			
Vatovavy	3533900	VV8.16	16500	19	80	3	2016	0			
Vatovavy	3533900	VV8.16	16500	11	50	2	2016	0			
Vatovavy	3533900	VV8.16	16500	7	0	3	2016	0			
Vatovavy	3533900	VV8.16	16500	10	80	3	2016	0			
Vatovavy	3533900	VV8.16	16500	10	60	2	2016	0			
Karakandatra	2799100	KK1.17	5000	0	0	0	2017	0			
Karakandatra	2799100	KK11.17	3500	0	0	0	2017	0			
Karakandatra	2799100	KK2.17	4500	0	0	0	2017	0			
Karakandatra	2799100	KK3.17	5000	0	0	0	2017	0			
Karakandatra	2799100	KK4.17	3500	0	0	0	2017	0			
Karakandatra	2799100	KK5.17	3500	0	0	0	2017	0			
Karakandatra	2799100	KK6.17	2000	0	0	0	2017	0			
Karakandatra	2799100	KK7.17	4500	0	0	0	2017	0			
Karakandatra	2799100	KK8.17	4000	0	0	0	2017	0			
Karakandatra	2799100	KK9.17	4000	0	0	0	2017	0			
Sangasanga	987400	SS2.17	4000	0	0	0	2017	0			
Sangasanga	987400	SS3.17	5000	0	0	0	2017	0			
Sangasanga	987400	SS4.17	5000	0	0	0	2017	0			
Tsitola	10971000	TT1.17	5500	0	0	0	2017	0			
Tsitola	10971000	TT11.17	3000	0	0	0	2017	0			
Tsitola	10971000	TT12.17	3000	0	0	0	2017	0			
Tsitola	10971000	TT13.17	2500	0	0	0	2017	0			
Tsitola	10971000	TT2.17	5500	0	0	0	2017	0			
Tsitola	10971000	TT4.17	1500	0	0	0	2017	0			
Tsitola	10971000	TT5.17	4500	0	0	0	2017	0			
Tsitola	10971000	TT6.17	2500	0	0	0	2017	0			
Tsitola	10971000	TT7.17	4500	0	0	0	2017	0			
Tsitola	10971000	TT8.17	1000	0	0	0	2017	0			
Tsitola	10971000	TT9.17	1000	0	0	0	2017	0			
Tsiazombazaha	813700	TZ1.17	6500	0	0	0	2017	0			
Tsiazombazaha	813700	TZ2.17	5500	0	0	0	2017	0			
Tsiazombazaha	813700	TZ3.17	5500	0	0	0	2017	0			
Vatovavy	3533900	VV1.17	13500	0	0	0	2017	0			
Vatovavy	3533900	VV10.17	14500	0	0	0	2017	0			
Vatovavy	3533900	VV14.17	14500	0	0	0	2017	0			
Vatovavy	3533900	VV15.17	14500	0	0	0	2017	0			
Vatovavy	3533900	VV2.17	13500	0	0	0	2017	0			
Vatovavy	3533900	VV5.17	13500	0	0	0	2017	0			
Vatovavy	3533900	VV7.17	15000	0	0	0	2017	0			
Vatovavy	3533900	VV8.17	15000	7	30	2	2017	0			
Vatovavy	3533900	VV8.17	15000	15	59	2	2017	0			
Vatovavy	3533900	VV8.17	15000	5	20	2	2017	0			
Vatovavy	3533900	VV8.17	15000	10	60	3	2017	0			
Vatovavy	3533900	VV8.17	15000	9	70	2	2017	0			
Karakandatra	2799100	KK1.18	4000	0	0	0	2018	0			
Karakandatra	2799100	KK11.18	2500	0	0	0	2018	0			
Karakandatra	2799100	KK2.18	4000	0	0	0	2018	0			
Karakandatra	2799100	KK3.18	3500	0	0	0	2018	0			
Karakandatra	2799100	KK4.18	4000	0	0	0	2018	0			
Karakandatra	2799100	KK5.18	3500	0	0	0	2018	0			
Karakandatra	2799100	KK6.18	2500	0	0	0	2018	0			
Karakandatra	2799100	KK7.18	3500	0	0	0	2018	0			
Karakandatra	2799100	KK8.18	3000	0	0	0	2018	0			
Karakandatra	2799100	KK9.18	2500	0	0	0	2018	0			
Sangasanga	987400	SS2.18	4500	0	0	0	2018	0			
Sangasanga	987400	SS3.18	4500	0	0	0	2018	0			
Sangasanga	987400	SS4.18	4500	0	0	0	2018	0			
Tsitola	10971000	TT1.18	5500	0	0	0	2018	0			
Tsitola	10971000	TT11.18	2500	0	0	0	2018	0			
Tsitola	10971000	TT12.18	2500	0	0	0	2018	0			
Tsitola	10971000	TT13.18	2000	0	0	0	2018	0			
Tsitola	10971000	TT2.18	5500	0	0	0	2018	0			
Tsitola	10971000	TT4.18	2500	0	0	0	2018	0			
Tsitola	10971000	TT5.18	4000	0	0	0	2018	0			
Tsitola	10971000	TT6.18	2500	0	0	0	2018	0			
Tsitola	10971000	TT7.18	4000	0	0	0	2018	0			
Tsitola	10971000	TT8.18	2500	0	0	0	2018	0			
Tsitola	10971000	TT9.18	3000	0	0	0	2018	0			
Tsiazombazaha	813700	TZ1.18	4000	0	0	0	2018	0			
Tsiazombazaha	813700	TZ2.18	4000	0	0	0	2018	0			
Tsiazombazaha	813700	TZ3.18	4000	0	0	0	2018	0			
Vatovavy	3533900	VV1.18	12500	0	0	0	2018	0			
Vatovavy	3533900	VV10.18	12500	0	0	0	2018	0			
Vatovavy	3533900	VV14.18	12500	0	0	0	2018	0			
Vatovavy	3533900	VV15.18	13000	0	0	0	2018	0			
Vatovavy	3533900	VV2.18	12500	0	0	0	2018	0			
Vatovavy	3533900	VV5.18	12000	0	0	0	2018	0			
Vatovavy	3533900	VV7.18	11500	15	42	2	2018	0			
Vatovavy	3533900	VV8.18	12500	4	77	3	2018	0			
Vatovavy	3533900	VV8.18	12500	12	10	2	2018	0			
Vatovavy	3533900	VV8.18	12500	9	41	2	2018	0			
Karakandatra	2799100	KK1.19	4500	0	0	0	2019	0			
Karakandatra	2799100	KK11.19	3000	0	0	0	2019	0			
Karakandatra	2799100	KK2.19	8000	0	0	0	2019	0			
Karakandatra	2799100	KK3.19	8500	0	0	0	2019	0			
Karakandatra	2799100	KK4.19	6000	0	0	0	2019	0			
Karakandatra	2799100	KK5.19	6500	0	0	0	2019	0			
Karakandatra	2799100	KK6.19	8500	0	0	0	2019	0			
Karakandatra	2799100	KK7.19	8000	0	0	0	2019	0			
Karakandatra	2799100	KK8.19	8000	0	0	0	2019	0			
Karakandatra	2799100	KK9.19	8000	0	0	0	2019	0			
Sangasanga	987400	SS2.19	8500	0	0	0	2019	0			
Sangasanga	987400	SS3.19	8000	0	0	0	2019	0			
Sangasanga	987400	SS4.19	7500	0	0	0	2019	0			
Tsitola	10971000	TT1.19	7500	0	0	0	2019	0			
Tsitola	10971000	TT11.19	8000	0	0	0	2019	0			
Tsitola	10971000	TT12.19	8000	0	0	0	2019	0			
Tsitola	10971000	TT13.19	8000	0	0	0	2019	0			
Tsitola	10971000	TT2.19	8500	0	0	0	2019	0			
Tsitola	10971000	TT4.19	6500	0	0	0	2019	0			
Tsitola	10971000	TT5.19	8000	0	0	0	2019	0			
Tsitola	10971000	TT6.19	6500	0	0	0	2019	0			
Tsitola	10971000	TT7.19	7500	0	0	0	2019	0			
Tsitola	10971000	TT8.19	7000	0	0	0	2019	0			
Tsitola	10971000	TT9.19	7500	0	0	0	2019	0			
Tsiazombazaha	813700	TZ1.19	8500	0	0	0	2019	0			
Tsiazombazaha	813700	TZ2.19	8500	0	0	0	2019	0			
Tsiazombazaha	813700	TZ3.19	4500	0	0	0	2019	0			
Vatovavy	3533900	VV1.19	13500	5	30	2	2019	0			
Vatovavy	3533900	VV10.19	13000	0	0	0	2019	0			
Vatovavy	3533900	VV14.19	13000	0	0	0	2019	0			
Vatovavy	3533900	VV15.19	13000	0	0	0	2019	0			
Vatovavy	3533900	VV2.19	13500	2	65	2	2019	0			
Vatovavy	3533900	VV5.19	8500	20	65	3	2019	0			
Vatovavy	3533900	VV7.19	14500	0	0	0	2019	0			
Vatovavy	3533900	VV8.19	14000	4	53	2	2019	0			
											
											
											
											